0 1
186
0 0
1 1
2 2
3 3
4 9
5 10
6 5
7 6
8 7
9 8
10 11
11 12
12 13
14 15
16 16
17 17
20 18
21 14
22 19
23 21
24 22
25 24
26 25
27 29
32 33
33 34
35 37
37 38
39 41
40 42
41 43
42 44
44 45
45 48
46 49
47 51
48 52
49 53
51 55
56 61
61 64
63 66
64 86
65 87
66 91
68 67
69 69
72 71
75 75
78 105
80 109
83 80
88 63
91 86
92 87
94 90
95 127
97 93
98 94
100 96
101 98
102 99
107 73
110 107
111 150
112 108
114 110
115 154
116 112
117 159
118 113
119 114
124 170
125 120
126 122
127 123
128 124
129 125
130 126
131 129
132 132
133 95
136 134
140 139
142 101
145 146
146 147
147 229
148 230
149 231
151 151
154 154
155 156
156 157
161 163
168 167
169 168
170 169
171 171
174 119
182 176
183 177
184 178
185 179
186 181
187 182
188 267
190 186
192 191
194 192
195 193
196 195
198 279
199 197
203 198
204 199
205 203
206 204
207 205
209 206
215 213
221 219
227 221
229 145
231 222
233 224
236 227
241 299
242 229
243 230
244 231
255 233
256 234
263 249
265 254
267 261
270 264
271 265
272 339
275 272
276 273
277 274
283 281
286 211
290 215
291 216
296 289
299 294
301 228
304 295
305 297
306 298
309 304
310 305
312 307
325 319
327 321
328 250
329 323
333 322
338 329
339 326
341 262
342 263
344 330
346 331
348 335
350 337
351 338
354 341
355 343
356 344
357 346
358 347
359 270
360 271
362 275
364 354
374 361
376 362
379 363
380 364
384 368
406 390
414 393
415 394
0 2
101
0 0
1 1
4 8
5 9
6 4
7 5
8 6
9 7
10 2
16 12
20 24
22 15
25 18
26 19
32 53
35 59
37 35
38 38
39 41
40 27
41 46
42 47
44 48
46 52
47 31
60 88
63 89
66 64
69 67
75 73
91 125
92 126
93 128
94 128
97 93
98 94
110 166
112 109
114 113
115 226
116 116
118 117
124 179
127 129
128 130
129 131
131 134
132 138
133 139
134 140
136 142
141 152
145 160
148 224
149 222
151 167
154 226
157 232
168 175
171 180
183 190
185 192
186 194
187 195
188 253
195 202
197 205
198 262
199 263
201 145
202 146
208 265
209 147
210 95
215 151
236 218
242 223
243 224
255 230
263 242
267 248
268 316
291 154
299 278
305 282
306 283
312 288
342 310
348 313
350 314
351 315
354 322
355 320
356 321
364 325
377 329
378 328
380 333
406 364
414 369
415 370
1 2
170
0 0
1 1
4 3
5 4
6 5
7 6
8 7
9 8
10 9
11 2
13 10
15 11
16 12
18 24
19 15
24 18
25 19
26 20
28 14
29 37
31 22
32 30
33 53
34 21
35 12
36 58
37 59
38 35
39 23
41 41
42 27
43 46
44 47
45 48
46 50
49 52
51 31
53 32
54 55
65 41
66 89
67 92
68 66
69 67
70 49
75 73
86 125
87 126
88 128
89 128
90 128
91 64
93 93
94 94
95 139
97 95
101 99
103 102
104 103
105 104
107 166
108 109
110 113
112 116
113 117
115 236
121 123
123 129
124 130
125 131
129 134
130 135
132 138
133 141
134 142
136 145
137 146
139 148
143 152
144 156
145 159
146 160
148 222
151 167
154 226
167 175
168 240
170 179
171 180
172 181
177 190
178 191
179 192
180 193
181 194
182 195
183 254
187 196
190 199
192 201
193 202
196 205
197 263
198 207
200 145
201 146
206 147
211 149
212 210
213 151
216 154
217 213
218 214
219 215
225 106
227 218
229 223
230 224
231 222
233 230
237 234
238 235
249 242
253 306
254 184
259 307
261 248
263 310
266 254
267 253
269 196
275 258
276 259
277 260
279 262
285 274
286 275
294 278
295 279
297 282
298 283
299 281
303 233
307 288
319 300
330 311
335 313
337 314
338 315
341 322
343 320
344 321
352 323
353 324
354 325
362 331
363 332
364 333
368 338
372 339
373 341
381 355
383 357
389 366
390 364
391 365
393 369
394 370
395 371
396 372
0 3
64
0 0
1 1
4 7
5 8
6 4
9 6
20 23
22 18
23 19
25 21
26 12
35 54
37 56
38 34
40 25
41 26
45 46
46 49
63 72
75 63
78 66
98 81
101 83
110 155
114 100
115 217
116 105
118 106
126 173
128 122
132 125
145 151
149 276
154 217
158 222
169 162
170 236
171 165
185 174
186 176
188 245
195 188
196 193
198 253
199 255
201 84
202 85
210 82
215 135
236 209
241 270
242 213
243 214
244 276
263 237
268 329
311 290
312 291
350 325
351 326
355 334
364 339
374 343
406 383
1 3
106
0 0
1 1
5 4
6 5
8 6
9 7
10 8
11 3
15 10
18 23
19 18
21 19
24 21
33 50
37 54
38 56
41 38
42 25
45 44
46 45
48 46
49 49
65 38
66 72
67 78
69 40
72 48
75 63
86 117
87 118
88 74
93 80
94 81
97 82
98 83
103 64
105 66
107 155
110 100
112 105
116 108
118 296
121 114
122 173
123 178
132 125
133 128
134 129
136 84
137 85
140 86
143 136
146 151
148 276
154 217
159 220
160 221
161 222
168 162
169 236
170 164
171 165
173 166
179 174
180 175
182 177
187 124
192 187
193 188
195 193
197 255
200 84
201 85
213 135
216 140
220 204
224 208
227 209
229 213
230 214
231 276
237 222
249 237
259 311
262 314
266 247
279 253
292 360
293 361
295 369
303 384
305 289
306 290
307 291
317 296
323 162
337 325
338 326
343 334
344 335
354 339
361 343
362 344
372 349
373 350
390 383
2 3
160
0 0
1 1
2 3
4 4
5 5
7 6
8 7
9 8
10 9
11 10
12 14
13 15
15 18
17 20
18 21
19 12
20 13
23 22
24 23
25 37
27 25
28 27
30 28
32 30
33 31
35 56
38 34
39 35
41 38
42 39
45 43
48 44
50 45
51 48
52 49
53 50
59 54
67 40
68 42
69 43
71 48
73 63
78 100
81 69
88 71
89 72
92 78
93 80
94 81
95 82
98 62
102 64
110 97
111 98
113 100
114 103
115 104
116 105
117 106
123 114
124 115
125 117
126 118
127 119
129 178
130 122
132 123
133 79
138 125
139 127
141 128
142 129
145 84
146 85
147 131
148 132
151 135
152 136
154 140
156 146
157 148
160 151
161 149
162 150
163 152
166 155
170 222
175 230
176 232
178 163
179 164
180 165
182 166
183 167
184 169
186 171
188 170
189 243
190 244
192 174
193 175
194 176
195 177
196 124
197 183
198 184
201 187
202 188
203 191
204 194
205 195
206 196
207 197
208 198
218 209
222 276
223 213
224 214
226 217
231 221
232 287
234 222
239 231
240 162
242 237
243 304
244 240
252 323
253 245
254 247
255 333
261 252
262 253
263 255
266 256
267 257
270 260
274 266
276 268
278 269
288 291
294 295
303 305
306 307
307 311
310 315
311 316
314 325
315 326
316 329
317 330
320 334
321 335
325 339
326 342
331 344
339 349
341 350
362 278
364 383
0 4
48
0 0
1 1
4 7
9 6
22 18
24 24
26 11
35 49
38 29
63 72
66 76
97 78
114 100
116 104
120 109
128 124
131 128
145 151
148 216
149 283
151 160
158 222
169 166
185 178
196 190
197 190
199 267
201 81
206 132
210 80
213 198
215 143
223 209
236 212
242 215
243 216
244 283
255 221
263 236
279 174
283 133
305 284
306 285
312 299
380 190
406 372
414 374
415 375
1 4
74
0 0
1 1
4 3
5 4
8 6
9 7
10 8
18 19
19 18
22 24
25 11
30 14
33 44
37 49
41 33
42 23
45 38
66 72
86 175
91 76
93 78
97 80
110 100
112 104
116 109
120 118
124 124
129 128
130 129
136 81
137 82
143 83
146 151
148 283
151 160
156 107
161 222
168 166
171 115
173 169
179 178
180 179
195 190
196 190
197 267
200 81
204 132
213 143
216 145
222 155
227 212
229 215
230 216
231 283
233 221
249 236
276 334
277 335
286 274
297 284
298 285
299 281
307 299
336 323
344 327
376 351
378 277
381 362
390 372
391 373
393 374
394 375
395 376
396 377
2 4
112
0 0
1 1
3 3
4 4
5 5
7 6
8 7
9 8
10 9
11 10
13 13
15 18
17 24
19 11
24 19
25 31
27 23
28 24
32 15
38 29
41 33
43 21
46 37
48 38
50 41
53 44
59 49
64 76
78 100
81 68
89 72
92 126
93 78
95 80
108 94
111 97
113 100
114 102
115 103
116 104
123 120
124 121
125 175
126 176
127 123
130 124
132 125
133 77
134 128
141 133
142 136
145 81
146 82
151 143
152 83
154 145
160 151
166 158
167 160
170 222
175 165
180 115
186 246
191 174
192 178
193 179
195 181
196 127
200 261
201 264
202 265
204 192
205 190
207 268
208 194
218 212
222 283
223 215
224 216
230 221
231 298
234 222
239 228
240 166
242 236
244 171
252 321
257 330
259 334
260 335
262 337
263 267
267 342
270 269
275 274
276 275
281 281
282 284
283 285
288 299
306 244
310 314
315 322
319 326
321 327
355 362
364 372
365 373
369 374
370 375
371 376
372 377
3 4
147
0 0
1 1
4 4
5 5
6 6
7 7
8 8
9 9
10 10
12 11
15 13
18 18
20 24
22 17
23 19
25 23
27 24
28 25
30 15
31 26
34 29
37 31
38 33
39 34
41 35
43 36
44 38
45 41
50 44
54 49
65 63
69 68
72 72
76 73
77 74
78 126
79 77
80 78
82 80
84 81
85 82
90 201
98 97
99 99
100 100
102 101
103 102
104 103
105 104
106 108
108 109
114 120
115 121
116 122
117 175
118 176
119 123
122 124
123 125
124 127
125 131
126 132
127 130
128 133
129 136
131 137
135 143
136 83
137 141
138 142
140 145
150 154
151 151
153 157
155 158
160 164
161 224
162 166
164 114
165 115
166 169
171 246
172 173
174 178
175 179
176 180
177 181
179 182
180 183
185 261
186 185
187 264
192 189
193 190
194 192
197 268
198 194
207 274
209 212
213 215
214 216
217 218
221 298
222 222
225 224
227 225
230 165
231 228
232 229
237 236
240 171
243 247
248 258
249 261
253 337
255 267
257 342
260 269
264 272
267 274
268 275
269 278
270 281
273 281
274 284
275 285
276 283
279 288
285 296
291 299
298 320
303 305
307 244
312 310
314 313
315 314
326 322
335 327
337 331
338 332
342 336
345 347
356 356
368 364
369 365
378 293
383 372
0 5
36
0 0
1 1
5 10
22 25
23 19
24 30
35 47
87 36
97 80
114 99
116 103
131 120
132 122
151 149
158 288
169 160
196 178
197 178
206 123
210 82
215 135
228 142
229 263
236 200
244 270
263 216
279 167
283 175
302 366
305 271
306 272
350 314
380 178
406 375
414 380
415 381
1 5
56
0 0
1 1
4 5
5 6
8 8
9 9
10 10
18 24
19 25
21 19
22 30
30 18
37 47
42 28
45 42
86 168
87 169
93 80
97 82
110 99
112 103
120 111
129 120
130 121
132 122
136 84
151 149
168 160
171 110
183 112
195 178
196 178
197 248
200 84
204 123
213 135
222 201
227 200
249 216
267 233
276 324
277 325
297 271
298 272
326 303
337 314
343 318
344 319
355 234
364 178
370 346
389 374
390 375
391 376
393 380
394 381
2 5
65
0 0
1 1
4 6
7 8
8 9
9 10
10 11
13 16
14 17
15 25
17 30
24 24
25 38
27 28
28 30
32 20
46 29
48 42
52 44
59 47
78 99
81 69
93 80
95 82
103 63
111 98
113 99
116 103
125 168
126 169
134 120
135 121
138 122
145 84
146 85
151 135
166 147
167 149
175 159
180 110
191 167
205 178
208 183
218 200
223 277
224 278
240 160
242 216
254 112
259 324
260 325
263 248
276 265
282 271
283 272
314 314
315 315
320 318
321 319
333 178
364 375
365 376
366 374
369 380
370 381
3 5
96
0 0
1 1
4 6
6 8
7 9
8 10
9 11
15 16
18 25
19 19
20 30
22 23
23 24
25 28
26 29
27 30
28 33
30 20
31 35
37 38
41 41
44 42
49 44
50 61
54 47
65 63
69 69
71 75
78 118
79 78
80 80
82 82
84 84
85 85
94 95
95 96
98 98
100 99
105 103
116 114
117 168
118 169
123 117
124 119
125 122
126 123
128 175
129 127
132 184
135 135
149 92
150 93
153 146
155 147
162 160
165 110
179 235
180 236
186 238
192 177
193 178
194 180
198 183
205 140
206 197
209 200
213 277
214 278
220 284
222 288
227 209
230 159
231 293
237 216
239 219
248 317
249 322
255 248
257 340
268 265
273 366
274 271
275 272
276 270
285 283
303 297
307 300
314 304
315 305
325 314
326 315
334 318
335 319
356 352
368 361
383 375
4 5
156
0 0
1 1
2 2
3 5
4 6
5 7
6 8
7 9
8 10
9 11
10 14
12 15
13 16
14 18
15 20
16 21
17 23
18 25
19 24
23 28
24 30
25 33
26 35
31 38
33 39
35 41
36 27
37 29
38 42
43 34
44 61
45 46
49 47
55 50
56 52
62 62
63 63
66 64
67 65
68 69
77 78
78 80
79 81
80 82
81 84
82 85
93 96
95 97
97 98
98 66
100 99
101 101
104 103
105 152
106 104
107 105
109 106
111 72
114 109
115 110
118 111
122 114
125 117
126 118
127 119
128 120
129 121
130 173
131 122
132 123
133 175
136 127
137 130
138 131
143 135
150 142
153 92
154 93
157 146
158 147
159 148
160 149
164 157
165 159
166 160
169 163
171 164
173 227
174 167
175 168
176 169
178 228
179 229
182 235
183 236
184 173
185 238
189 177
190 178
191 179
192 180
194 183
196 186
211 142
212 200
215 277
216 278
218 207
220 284
222 288
225 209
228 293
236 216
244 300
247 311
248 222
254 172
255 233
256 234
258 317
259 237
261 322
264 242
265 243
267 248
269 251
272 258
275 265
283 270
284 271
285 272
286 275
287 276
292 206
296 283
297 284
305 297
313 304
314 305
322 315
327 319
329 321
334 324
335 325
342 340
347 344
351 350
356 352
357 354
360 267
364 361
370 273
372 375
373 376
374 380
375 381
0 6
26
1 1
22 18
23 20
26 10
114 92
132 115
151 141
158 263
183 160
196 169
226 130
227 131
233 188
242 194
255 197
269 150
279 158
283 165
305 250
306 251
337 282
357 217
360 312
361 282
379 168
380 169
1 6
31
1 1
19 18
21 20
30 12
37 61
42 23
45 32
103 84
110 92
120 156
132 115
146 133
151 141
173 150
195 169
196 169
221 131
229 194
233 197
271 312
281 165
297 250
298 251
337 293
346 217
355 222
363 168
364 169
372 322
373 323
380 337
2 6
50
0 0
1 1
7 4
8 5
9 6
10 7
11 9
15 18
19 10
27 23
28 33
46 31
48 32
52 35
57 38
59 61
81 59
102 84
107 89
113 92
115 93
138 115
145 78
146 79
151 125
156 128
160 133
163 137
166 139
167 141
182 150
191 158
205 169
208 170
223 194
224 195
226 257
230 197
240 201
242 203
261 231
280 341
282 250
283 251
314 293
321 298
332 168
333 169
339 322
341 323
3 6
66
0 0
1 1
3 2
6 4
7 5
8 6
9 7
10 9
12 10
15 11
18 18
19 20
22 16
25 23
27 33
31 26
44 32
49 35
54 61
65 88
69 59
79 73
84 78
85 79
94 86
95 87
96 85
100 92
116 108
124 114
125 115
128 165
132 171
135 125
146 128
148 83
151 133
152 137
153 138
155 139
162 201
166 150
179 163
180 164
187 308
189 229
192 168
193 169
198 170
213 194
217 257
222 263
227 199
252 231
253 311
268 245
285 260
315 283
325 293
335 298
349 322
350 323
356 329
360 330
361 331
382 347
4 6
96
0 0
1 1
2 2
6 4
7 5
8 6
9 7
10 9
11 10
13 11
14 12
17 16
18 18
23 23
24 33
25 34
26 26
35 21
37 31
38 32
43 24
44 54
45 37
49 61
51 40
55 46
63 88
64 55
66 56
67 57
68 59
77 73
81 78
82 79
97 91
100 92
103 93
106 94
114 102
116 104
118 156
122 108
125 113
127 114
131 115
133 165
136 116
137 120
143 125
150 132
151 133
157 138
158 139
159 140
160 141
165 148
166 201
169 150
171 151
174 158
176 216
181 162
182 163
183 164
184 227
189 168
190 169
191 232
194 170
196 173
211 132
215 194
216 195
218 257
221 197
222 263
225 199
236 203
252 291
255 221
256 222
264 308
265 309
275 245
282 341
284 250
285 251
292 256
296 260
314 283
322 294
327 298
337 311
356 329
360 135
363 335
5 6
135
0 0
1 1
2 2
3 3
8 4
9 5
10 6
11 7
12 8
16 11
18 12
19 20
23 16
25 18
27 22
28 23
29 31
30 33
33 34
34 24
35 26
41 21
42 32
44 35
47 61
50 46
51 45
52 47
61 54
63 88
64 56
65 57
68 58
69 59
77 71
78 73
84 78
85 79
95 86
97 90
98 91
99 92
102 93
104 94
106 264
109 102
111 156
112 67
114 108
115 111
117 113
119 114
122 115
127 116
129 77
130 120
135 125
140 129
142 132
146 138
147 139
148 140
149 141
153 142
154 143
159 148
160 201
163 150
164 151
167 158
168 215
169 216
173 227
175 165
177 168
178 169
179 232
183 170
184 171
186 173
190 239
191 181
192 182
206 256
207 257
209 199
211 200
216 203
217 204
218 205
226 291
229 217
232 220
233 221
234 222
235 163
236 164
238 228
242 308
243 309
250 235
251 313
252 173
259 183
265 245
267 135
271 250
272 251
276 255
277 194
283 260
286 261
288 263
292 268
293 269
295 277
296 278
299 281
301 282
305 283
310 286
314 293
315 294
319 298
321 299
322 301
333 311
351 328
352 329
360 334
362 337
363 336
366 338
372 345
378 198
0 7
21
1 1
23 22
87 49
97 126
114 99
116 103
151 150
194 126
205 128
210 130
227 139
233 205
243 272
255 216
269 164
357 234
379 180
380 181
400 359
414 368
415 369
1 7
19
21 22
41 52
42 25
93 126
110 99
112 103
143 133
151 150
221 139
230 272
233 216
281 178
346 234
363 180
364 181
367 338
380 361
393 368
394 369
2 7
41
1 1
9 13
10 10
19 15
27 25
28 39
41 52
46 35
48 36
52 41
78 99
81 64
93 126
111 97
112 98
113 99
115 102
116 103
133 78
138 128
145 81
146 82
152 133
158 139
163 96
164 144
166 148
167 150
182 164
208 182
223 271
224 272
230 216
254 170
260 323
280 266
314 302
332 180
333 181
369 368
370 369
3 7
43
1 1
2 2
7 12
8 13
9 10
12 15
19 22
25 25
27 39
31 27
32 28
38 52
44 36
49 41
65 94
79 78
80 126
82 130
84 81
85 82
94 92
95 93
98 97
100 99
105 103
117 231
138 87
148 91
155 148
166 164
179 240
193 181
198 182
206 199
213 271
214 272
247 170
268 261
277 268
337 314
345 338
348 349
374 364
4 7
78
0 0
1 1
2 3
6 7
7 12
8 13
9 10
10 11
11 15
13 16
23 25
24 39
26 27
33 52
37 35
38 36
44 90
49 101
63 94
64 62
77 78
78 126
80 130
81 81
82 82
93 93
97 97
100 99
101 100
103 102
104 103
117 170
118 171
121 116
127 125
133 178
136 129
137 132
142 87
150 140
156 144
157 145
158 148
159 149
160 150
169 164
171 166
174 172
175 231
177 301
184 241
189 180
190 181
191 247
194 182
215 271
216 272
221 216
222 217
256 238
265 321
275 261
278 353
282 266
322 303
323 307
325 170
327 309
331 314
333 316
335 323
337 327
345 335
347 338
360 206
363 354
374 368
375 369
5 7
102
0 0
1 1
2 3
3 4
8 7
9 12
10 13
11 10
12 5
14 11
16 16
19 22
23 19
28 25
29 35
30 39
34 26
35 27
42 36
44 41
47 101
61 90
63 94
68 63
69 64
78 78
80 126
82 130
84 81
85 82
87 57
95 92
96 93
98 97
99 99
101 100
102 102
103 103
106 282
109 110
111 171
118 123
119 125
122 128
127 129
129 55
130 132
142 140
146 145
147 148
148 149
149 150
153 155
154 156
160 222
163 164
164 166
167 172
168 231
173 241
174 176
175 178
177 180
178 181
179 247
183 182
184 183
190 255
191 192
192 193
197 199
211 221
216 225
218 294
225 229
228 233
232 239
234 238
238 242
242 320
243 321
251 334
252 185
265 261
267 206
277 271
278 272
286 280
288 217
292 220
299 298
302 299
314 302
315 303
319 309
321 312
323 318
333 327
360 353
369 268
380 368
381 369
6 7
145
0 0
1 1
2 3
3 4
4 7
5 12
6 13
7 10
8 5
9 11
10 15
11 16
13 17
15 18
16 19
20 22
21 23
23 25
24 26
26 27
27 31
30 34
31 35
32 36
33 39
34 40
35 41
39 44
40 46
41 47
42 48
49 51
53 89
54 90
55 62
58 63
59 64
61 101
62 47
63 48
65 49
68 75
69 53
70 77
73 78
76 130
77 55
78 81
79 82
83 91
86 92
87 93
88 94
90 61
91 97
92 99
93 102
102 110
105 111
114 125
115 128
116 129
119 130
120 132
129 137
130 138
131 139
132 140
135 206
137 96
138 145
139 148
140 149
141 150
142 155
143 156
145 159
150 164
151 166
152 167
154 170
156 171
158 172
159 173
160 174
163 240
165 178
168 180
169 181
170 182
171 183
173 185
181 192
182 193
188 205
192 147
193 211
194 271
195 272
197 216
200 221
201 222
203 225
205 294
211 170
217 234
220 239
221 237
222 238
225 311
227 241
228 242
232 247
233 248
235 252
239 255
245 261
248 360
249 208
254 269
261 280
262 281
263 217
264 282
268 220
280 295
281 298
291 301
293 302
294 303
298 309
299 312
302 317
308 320
309 321
311 327
313 334
332 350
334 353
335 354
337 361
339 356
340 357
341 266
343 267
0 8
16
1 0
23 24
40 27
114 110
151 160
194 133
205 135
242 204
243 205
255 209
269 167
378 321
379 247
380 248
414 366
415 367
1 8
16
21 24
42 27
110 110
151 160
203 135
229 204
230 205
233 209
286 263
349 226
363 247
364 248
367 331
380 355
393 366
394 367
2 8
30
1 0
8 12
9 13
11 11
19 15
27 27
41 40
46 45
48 46
78 110
81 79
93 133
99 143
112 109
113 110
145 92
146 93
152 141
161 153
162 154
166 158
167 160
223 204
224 205
230 209
328 321
332 247
333 248
369 366
370 367
3 8
35
1 0
2 1
7 12
8 13
10 11
12 15
19 24
25 27
32 33
38 40
44 46
50 148
54 53
65 104
69 79
79 90
80 133
84 92
85 93
100 110
125 135
136 141
137 142
138 143
155 158
166 167
179 236
192 247
213 204
214 205
273 356
277 272
278 273
361 344
374 359
4 8
53
1 0
2 2
6 8
7 12
8 13
10 11
11 15
14 9
23 27
29 36
33 40
37 45
38 46
44 148
63 104
64 75
66 76
67 77
68 79
77 90
78 133
80 137
81 92
82 93
83 141
100 110
105 206
118 171
122 174
131 135
133 180
142 143
156 155
158 158
159 159
169 167
174 173
180 229
182 236
183 237
189 247
190 248
194 254
215 204
216 205
218 275
221 209
274 263
323 304
325 170
363 350
374 366
375 367
5 8
60
1 0
2 2
3 3
8 8
9 12
10 13
13 10
18 9
19 24
22 36
28 27
30 47
34 29
42 46
47 53
61 148
63 104
64 76
65 77
69 79
78 90
80 133
82 137
84 92
85 93
90 147
99 110
102 115
111 171
114 174
122 135
127 136
129 66
147 158
148 159
153 163
154 164
163 167
167 173
175 180
177 247
178 248
183 254
190 336
191 187
192 188
207 275
218 291
232 235
234 234
235 236
243 313
251 327
278 205
288 281
299 295
360 349
366 356
380 366
381 367
6 8
93
1 0
2 2
3 3
4 8
5 12
6 13
8 5
9 11
10 15
11 16
16 22
20 24
23 27
24 29
25 30
27 37
31 45
32 46
33 47
34 49
39 51
55 75
56 76
57 77
58 52
59 79
73 90
76 137
77 66
78 92
79 93
83 99
86 101
88 104
90 107
92 110
93 115
108 174
115 135
116 136
119 137
120 94
125 146
131 150
135 102
136 103
139 158
140 159
141 160
142 163
143 164
150 167
154 170
156 171
158 173
163 236
164 237
165 180
166 242
168 247
169 248
170 254
171 184
181 187
182 188
188 198
193 203
194 204
197 209
201 217
205 291
211 170
220 235
222 234
239 336
241 262
244 266
257 275
263 281
264 282
281 295
308 312
309 313
313 327
330 343
331 344
332 345
334 349
335 350
338 356
339 352
340 353
343 271
7 8
151
1 0
2 1
3 2
4 3
5 5
6 6
7 8
9 4
11 11
12 12
13 13
15 15
16 16
17 19
18 21
19 22
22 24
23 17
25 27
26 29
27 31
28 33
29 35
31 37
32 43
33 44
35 45
36 46
39 47
40 49
42 50
44 51
45 52
46 54
51 39
52 40
53 42
55 66
57 48
60 74
62 75
64 79
65 113
67 84
76 131
77 61
78 90
79 91
80 65
81 92
82 93
87 143
90 148
91 99
92 101
94 104
95 105
98 109
99 110
101 112
102 115
105 119
119 130
126 133
127 134
128 135
129 136
130 137
132 94
139 150
140 149
142 153
143 154
148 158
149 159
150 160
155 163
156 164
158 165
159 166
160 214
163 221
164 167
170 170
171 171
172 173
173 225
174 226
176 179
178 180
180 247
181 248
182 254
183 184
185 256
192 187
193 188
202 195
203 196
205 198
209 201
210 202
211 203
216 209
217 281
219 214
222 217
237 233
238 234
239 235
240 236
250 251
255 336
256 337
257 338
258 263
261 267
267 271
268 272
272 205
273 276
282 282
284 284
290 288
294 291
295 293
298 295
302 231
304 301
306 303
307 304
308 305
313 308
318 311
320 312
321 313
334 327
335 328
338 331
349 340
350 345
353 349
354 350
355 351
356 352
361 355
363 358
364 359
367 365
368 366
369 367
2 9
17
27 33
41 68
43 50
48 51
99 115
103 164
116 171
145 78
152 156
161 161
166 167
260 328
288 300
332 252
333 253
371 381
372 382
3 9
25
1 2
2 3
8 16
19 29
25 33
32 38
38 68
44 51
69 94
79 109
84 78
85 79
105 171
136 156
138 115
150 162
155 167
206 215
221 228
277 291
278 292
290 299
291 300
370 372
371 373
4 9
33
1 2
2 4
6 17
7 15
8 16
10 10
11 18
21 50
23 33
33 68
38 51
52 128
59 81
66 88
67 89
68 94
77 109
78 146
81 78
82 79
83 156
104 171
158 167
159 168
189 252
279 284
299 300
304 304
335 328
351 352
363 364
376 381
377 382
5 9
38
1 2
2 4
3 5
4 7
8 17
9 15
10 16
28 33
34 24
39 68
42 51
63 164
64 88
65 89
73 96
78 109
80 146
84 78
85 79
102 127
103 171
106 298
119 194
133 156
140 159
141 268
147 167
148 168
154 175
163 234
177 252
191 210
192 211
197 215
325 328
366 368
369 291
370 292
6 9
60
1 2
2 4
3 5
4 17
5 15
6 16
10 18
16 41
20 29
23 33
24 24
25 25
28 68
29 72
31 77
32 51
40 57
41 59
42 60
55 87
56 88
57 89
61 169
62 59
63 60
72 108
73 109
76 150
77 83
78 78
79 79
83 119
93 127
112 143
114 194
116 149
119 150
139 167
140 168
142 174
143 175
150 234
154 186
164 193
165 198
166 250
168 252
181 210
182 211
188 217
222 243
233 330
241 269
263 228
264 298
290 315
332 359
335 364
338 368
339 366
7 9
110
1 2
2 3
3 4
4 5
5 8
6 9
7 17
9 7
11 10
12 15
13 16
15 18
19 41
22 29
23 31
25 33
26 24
28 38
32 48
33 49
35 77
36 51
40 53
46 57
47 59
48 60
52 68
55 83
61 123
62 87
63 91
64 94
70 97
71 98
73 136
76 102
78 109
81 78
82 79
86 111
87 115
91 119
92 121
93 122
94 164
98 125
101 169
102 127
103 171
114 137
115 138
119 143
120 141
125 194
126 146
127 147
128 148
129 149
130 150
132 110
133 156
142 161
148 167
149 168
155 174
156 175
158 177
164 234
166 133
168 156
170 186
173 237
177 248
178 198
180 252
182 259
183 261
192 210
193 211
199 215
202 281
210 222
217 228
222 232
226 311
227 236
236 316
238 243
241 324
248 330
255 345
267 289
268 291
282 298
304 318
308 321
313 323
322 327
323 328
327 332
330 260
334 335
336 156
341 339
350 359
354 364
356 366
357 367
362 370
363 371
8 9
147
0 2
1 3
2 4
3 5
4 7
5 8
6 9
7 11
8 17
9 13
11 10
12 15
13 16
15 18
19 21
21 27
22 41
24 29
26 32
27 33
29 24
30 25
32 37
33 38
35 40
36 41
38 44
40 68
41 47
43 48
44 49
45 77
46 51
48 52
49 53
50 55
54 57
55 59
56 60
59 97
60 98
64 82
66 83
72 54
75 87
76 88
77 89
79 94
80 57
81 59
82 60
84 95
86 136
89 106
90 109
92 78
93 79
94 110
99 119
104 164
109 125
111 124
112 169
115 127
117 128
121 130
122 131
127 136
128 187
130 143
132 194
133 146
134 147
135 148
136 149
137 150
140 155
141 156
143 115
153 161
154 162
156 165
157 166
158 167
159 168
162 298
163 174
164 175
165 177
167 234
168 156
170 186
172 187
174 190
176 194
178 197
180 198
184 261
187 210
188 211
195 281
198 217
202 222
210 226
211 227
216 231
217 232
225 237
226 238
233 242
234 243
235 244
237 193
239 246
240 248
242 250
247 252
248 253
252 256
254 259
256 265
262 269
267 283
271 289
272 291
273 292
281 228
282 298
296 236
298 314
301 318
305 321
308 323
310 324
315 254
316 326
321 334
327 335
336 345
342 358
345 359
346 360
347 361
349 363
350 364
355 286
360 376
2 10
22
27 26
48 44
81 88
99 113
111 176
116 134
133 100
152 159
166 174
218 208
230 218
231 262
286 262
288 268
323 230
349 314
359 333
361 256
362 257
370 345
371 346
372 347
3 10
19
2 1
19 40
25 26
32 29
44 44
79 100
98 176
105 134
136 159
155 174
178 235
209 208
221 262
242 132
277 256
278 257
289 266
290 267
291 268
4 10
29
6 15
11 16
21 23
23 26
38 44
66 85
68 88
76 96
77 100
81 73
82 74
83 159
97 176
101 131
104 134
109 263
122 188
158 174
159 175
161 216
212 208
221 218
298 262
299 268
363 322
374 344
375 345
376 346
377 347
5 10
30
2 2
4 5
8 15
9 13
10 14
13 11
28 26
39 66
42 44
63 170
64 85
78 100
84 73
85 74
98 176
101 131
102 133
103 134
106 263
133 159
147 174
148 175
150 216
190 309
200 208
369 256
370 257
379 343
380 344
381 345
6 10
39
1 0
4 15
5 13
6 14
10 16
20 40
23 26
31 72
32 44
55 84
56 85
57 86
59 88
63 57
66 89
72 99
73 100
78 73
79 74
83 117
91 176
93 133
108 188
114 191
139 174
140 175
142 178
143 179
150 227
154 228
156 230
197 218
235 101
239 309
254 258
264 263
334 321
335 322
340 325
7 10
73
1 0
2 1
6 6
7 15
9 5
12 13
13 14
15 16
22 40
25 26
28 29
31 33
32 69
33 70
35 72
36 44
41 49
47 56
48 57
52 66
55 76
57 46
62 84
64 88
71 92
78 100
81 73
82 74
91 117
94 170
97 176
100 131
102 133
103 134
118 146
125 191
133 159
148 174
149 175
150 128
155 178
156 179
164 227
168 159
169 158
170 228
171 230
185 202
209 213
210 214
216 218
217 262
225 226
255 309
268 256
269 258
270 259
282 263
283 166
305 281
331 299
336 159
338 305
341 307
353 321
354 322
356 324
357 325
362 330
363 331
364 333
368 344
369 345
8 10
112
0 0
1 1
2 2
3 3
4 5
6 6
7 7
8 15
10 11
12 13
13 14
15 16
18 24
19 19
24 40
27 26
33 29
36 31
37 33
41 38
43 69
44 70
45 72
46 44
47 77
48 46
55 56
56 57
60 92
66 76
67 104
75 84
77 86
78 131
79 88
81 56
82 57
90 100
92 73
93 74
94 105
99 117
102 124
103 125
104 170
106 126
111 131
115 133
122 136
132 191
133 193
134 194
136 150
140 158
141 159
143 113
149 167
158 174
159 175
160 128
162 263
163 178
164 179
167 227
168 159
169 158
170 228
171 230
172 232
174 188
176 191
178 196
184 241
198 209
201 213
202 214
209 218
210 219
211 220
217 222
225 275
226 276
237 190
248 290
252 239
254 240
256 202
267 250
269 326
271 215
272 256
273 257
281 262
282 263
298 277
305 285
315 238
316 292
321 302
324 300
331 305
336 309
349 321
350 322
352 324
353 325
356 327
357 330
358 331
359 333
366 344
367 345
9 10
147
2 0
3 1
4 2
5 3
6 4
7 5
9 6
11 7
12 10
13 18
15 13
16 14
17 15
18 16
19 17
21 19
25 21
29 40
32 25
33 26
34 27
38 29
41 31
46 35
47 38
48 69
49 70
50 23
51 44
52 46
56 55
59 56
60 57
64 65
66 63
68 66
72 68
74 71
77 72
78 73
79 74
82 75
83 76
85 50
87 84
88 85
89 86
90 87
94 88
98 92
106 148
108 99
109 100
110 105
112 107
115 113
119 117
123 127
124 131
125 129
126 130
127 133
131 136
133 142
139 145
140 188
146 193
147 194
149 150
155 158
156 159
164 170
166 173
167 174
168 175
171 134
174 178
175 179
176 166
180 180
181 181
182 223
186 228
187 232
190 188
192 189
193 190
194 191
195 192
197 196
198 197
206 202
216 208
217 209
218 210
222 214
226 219
227 220
228 262
231 269
232 222
234 227
237 275
238 276
239 279
240 283
241 235
244 234
246 236
252 289
253 290
254 238
256 239
259 240
261 241
265 202
273 247
281 317
283 250
289 215
291 256
292 257
298 263
299 267
300 268
310 158
314 277
317 282
321 285
323 286
326 292
329 293
339 307
340 308
345 309
346 310
348 312
363 321
364 322
365 323
369 327
374 334
377 338
378 339
380 341
381 346
382 347
2 11
16
27 32
48 56
52 118
64 100
80 129
81 93
111 169
129 190
134 105
152 159
231 282
286 282
359 359
361 272
362 273
369 368
5 11
25
5 7
10 17
24 46
28 32
34 36
42 56
50 43
69 93
78 103
84 77
85 78
98 169
102 134
103 135
106 367
120 105
133 159
190 326
191 203
192 204
201 212
368 351
369 272
370 273
378 283
6 11
19
6 17
20 50
23 32
32 56
46 43
57 90
59 93
72 104
73 103
78 77
79 78
83 119
93 134
181 203
182 204
239 326
241 259
264 367
335 338
7 11
47
1 2
11 14
12 16
13 17
22 50
25 32
28 38
32 75
33 76
36 56
47 67
55 81
57 57
64 93
74 143
78 103
81 77
82 78
90 329
91 119
97 169
101 172
102 134
103 135
114 141
118 144
133 159
148 217
150 127
158 179
164 231
168 159
169 158
192 203
193 204
207 213
209 214
210 215
216 225
217 282
223 182
255 326
282 367
283 160
336 159
354 338
363 353
8 11
68
0 2
3 4
6 9
11 14
12 16
13 17
15 23
24 50
27 32
33 38
43 75
44 76
46 56
47 83
48 57
54 66
55 67
66 81
72 60
77 90
79 93
81 67
82 68
90 103
92 77
93 78
99 119
106 125
111 130
112 172
115 134
130 190
136 150
140 158
141 159
143 112
148 329
158 217
160 127
162 367
165 179
167 231
168 159
169 158
187 203
188 204
201 214
202 215
209 225
211 226
232 302
242 308
262 259
271 219
272 272
273 273
281 282
282 367
293 295
298 299
305 306
321 318
336 326
349 336
350 338
352 340
356 348
358 353
9 11
103
0 0
1 1
2 2
5 4
6 6
9 9
10 14
11 15
12 11
15 16
16 17
18 23
19 18
27 25
29 50
32 31
33 32
34 33
38 38
45 44
48 75
49 76
51 56
52 57
54 60
55 61
57 66
59 67
60 68
63 232
64 46
65 44
66 70
71 74
77 79
78 77
79 78
82 80
83 81
85 58
87 88
88 89
89 90
94 93
108 104
109 103
110 107
115 112
119 119
124 130
127 134
133 139
136 186
137 141
143 190
144 148
149 150
150 197
155 158
156 159
159 160
161 121
169 172
171 135
174 177
176 160
177 179
180 180
186 233
189 188
197 194
198 244
210 203
211 204
216 207
217 265
218 210
227 226
228 282
234 231
239 303
251 309
259 250
260 252
261 251
269 259
283 264
289 219
291 272
292 273
297 281
298 367
299 284
321 306
326 245
329 309
334 318
345 326
363 336
364 338
369 348
377 363
378 364
10 11
140
0 2
1 3
3 4
4 6
5 8
6 9
7 15
9 10
10 11
11 12
13 16
14 17
16 23
17 18
20 24
22 27
25 31
26 32
27 33
29 38
30 28
31 41
34 44
35 45
37 46
38 47
39 49
40 50
41 51
43 55
44 56
46 57
47 85
50 58
56 67
57 68
60 69
62 44
63 70
65 46
66 99
69 75
70 76
72 79
73 77
74 78
75 80
76 81
77 83
84 88
85 89
86 90
88 93
92 94
96 100
99 104
100 103
101 106
105 107
113 112
117 119
119 121
120 122
126 125
128 127
131 130
132 133
133 134
134 135
135 137
140 140
142 139
149 148
150 150
154 197
158 158
159 159
166 160
172 165
173 166
176 169
177 172
178 177
179 178
180 180
181 181
191 191
194 241
196 194
197 244
200 197
208 207
209 265
210 210
215 219
217 172
218 225
220 226
224 229
226 230
227 231
228 233
230 234
234 240
236 242
238 246
240 250
241 251
250 264
251 208
254 346
256 272
257 273
262 282
263 367
273 295
275 298
279 303
284 305
285 306
292 245
293 309
298 314
301 317
302 318
309 326
312 258
318 334
321 336
322 338
323 337
324 340
326 345
327 348
329 349
331 353
333 359
338 363
339 364
342 283
4 12
23
35 28
38 42
82 66
92 109
93 110
95 112
97 154
104 117
128 96
129 97
158 211
159 212
196 157
210 199
221 215
274 257
287 270
298 276
364 334
368 336
370 346
374 358
375 359
5 12
24
2 3
34 33
41 28
42 42
78 93
84 65
85 66
87 157
98 154
103 117
120 96
121 97
133 142
139 146
147 211
148 212
186 157
191 192
192 193
201 208
252 157
361 334
380 358
381 359
6 12
19
2 3
10 16
20 38
21 28
24 33
32 42
61 156
73 93
78 65
79 66
83 108
139 211
140 212
173 157
182 193
241 256
258 352
327 330
333 259
7 12
36
3 3
9 7
11 12
15 16
22 38
25 30
26 33
28 37
32 63
36 42
55 41
64 81
78 93
81 65
82 66
91 108
97 154
101 156
103 117
133 142
144 204
148 211
149 212
150 155
168 142
169 141
192 192
193 193
216 215
336 142
341 318
356 332
363 343
364 346
368 358
369 359
8 12
46
2 3
4 7
11 12
12 13
15 16
24 38
27 30
33 37
43 63
46 42
66 41
67 137
77 77
78 78
79 81
90 93
92 65
93 66
99 108
112 156
140 141
141 142
158 211
159 212
160 155
168 142
169 141
187 192
188 193
202 209
209 215
230 230
262 256
263 257
267 258
273 348
281 276
284 282
286 217
321 242
352 332
353 333
357 342
358 343
366 358
367 359
9 12
63
2 1
3 2
4 3
7 7
12 10
15 13
16 14
18 16
29 38
32 29
33 30
38 37
48 63
51 42
54 47
66 56
74 39
78 65
79 66
82 67
83 41
87 113
88 76
89 77
94 81
108 94
109 93
119 108
127 115
133 122
149 133
155 141
156 142
167 211
168 212
169 156
171 117
173 157
176 149
185 228
210 192
211 193
216 200
217 260
218 203
228 276
239 302
269 256
283 258
284 331
286 341
299 279
310 141
321 307
326 237
333 243
334 242
339 318
340 319
346 352
371 343
377 350
378 351
10 12
97
0 1
1 2
2 3
3 4
4 5
5 7
6 11
9 9
10 10
11 8
12 12
13 13
14 14
16 16
25 29
26 30
29 37
30 24
40 38
44 42
50 45
56 82
61 55
63 56
69 63
71 39
73 65
74 66
75 67
76 41
84 113
85 76
86 77
88 81
99 94
100 93
103 136
104 137
105 138
117 108
126 111
128 155
133 115
134 117
142 122
145 167
149 168
150 133
158 141
159 142
166 149
167 151
172 152
173 153
174 211
175 212
176 154
177 156
178 158
180 218
181 219
196 172
197 234
208 200
209 260
210 203
217 156
218 215
226 224
227 227
238 238
250 258
257 348
262 276
266 278
267 279
279 302
285 307
292 237
294 242
295 243
298 314
301 243
302 242
307 318
308 319
310 352
324 332
325 333
329 341
330 342
331 343
333 346
338 350
339 351
344 358
345 359
11 12
139
2 1
4 4
5 7
6 5
7 6
8 7
9 11
10 9
11 10
12 8
14 12
16 13
17 14
18 17
19 15
20 18
23 16
25 22
26 35
28 24
30 28
31 29
32 30
33 31
35 32
36 33
38 37
50 38
56 42
58 45
60 47
64 50
66 51
67 82
69 84
70 56
71 60
72 62
75 63
77 65
78 66
79 64
80 67
81 41
85 73
88 113
89 76
90 77
91 79
93 81
96 86
99 90
103 93
104 94
105 96
107 138
119 108
120 151
123 109
124 110
125 111
126 112
127 155
128 114
134 115
135 117
136 118
139 122
140 88
142 125
148 168
149 132
150 133
158 141
159 142
160 149
165 152
166 153
167 211
168 212
169 154
172 156
177 158
178 159
180 218
181 219
191 169
193 171
194 172
197 177
203 192
204 193
205 198
207 200
210 203
212 208
215 209
217 211
218 212
219 210
225 215
226 275
227 159
229 220
230 224
231 227
235 292
239 231
241 308
244 234
245 237
246 238
248 242
249 243
259 256
264 258
265 260
272 347
273 348
281 274
282 276
288 280
293 289
297 295
303 302
304 303
306 307
308 310
314 314
317 243
318 242
340 332
348 337
349 341
353 343
357 345
359 346
363 350
364 351
5 13
25
5 5
34 27
42 34
69 59
84 48
85 49
87 136
95 95
98 132
103 102
120 76
133 117
139 122
147 189
148 190
186 136
191 169
192 170
197 173
202 178
226 292
252 136
273 247
312 292
379 360
6 13
18
24 27
32 34
51 81
52 82
59 59
73 74
78 48
79 49
83 94
91 132
139 189
140 190
173 136
181 169
182 170
254 248
291 292
327 326
7 13
33
13 11
20 31
24 23
26 27
28 29
36 34
64 59
78 74
81 48
82 49
86 86
91 94
97 132
103 102
133 117
144 181
148 189
149 190
150 133
168 117
169 116
192 169
193 170
216 193
290 324
301 292
336 117
337 116
341 318
356 334
362 345
363 346
364 247
8 13
27
13 11
33 29
46 34
66 33
79 59
90 74
92 48
93 49
99 94
115 103
140 116
141 117
158 189
159 190
160 133
168 117
169 116
187 169
188 170
193 172
209 193
241 302
267 241
290 140
352 334
353 335
358 346
9 13
43
2 0
4 1
16 11
32 23
38 29
51 34
75 84
77 83
78 48
79 49
83 33
89 57
94 59
109 74
111 86
119 94
127 103
132 104
155 116
156 117
167 189
168 190
171 102
173 136
177 139
210 169
211 170
216 176
218 177
246 217
283 241
299 271
300 272
302 324
306 140
310 116
321 297
326 221
339 318
340 319
366 334
370 345
371 346
10 13
58
0 0
2 1
4 4
14 11
29 29
44 34
61 68
70 78
72 83
73 48
74 49
76 33
84 100
85 56
86 57
88 59
100 74
113 90
117 94
118 127
126 98
128 133
133 103
134 102
158 116
159 117
172 130
173 131
174 189
175 190
176 132
177 134
207 171
208 176
209 242
210 177
216 350
218 193
226 200
236 217
238 222
250 241
257 348
266 270
267 271
268 272
285 297
292 221
298 226
300 227
307 318
308 319
321 331
324 334
325 335
327 337
331 346
343 360
11 13
86
2 0
3 2
6 4
11 7
12 6
16 10
17 11
19 13
20 25
23 18
25 21
31 23
32 24
36 27
38 29
56 34
59 55
64 42
67 60
70 45
75 77
76 78
77 48
78 49
79 83
81 33
83 112
85 53
88 100
89 56
90 57
93 59
94 66
103 74
105 76
107 113
110 86
119 94
127 133
128 101
134 103
135 102
136 138
139 106
149 79
158 116
159 117
165 130
166 131
167 189
168 190
169 132
172 134
173 194
180 196
181 197
194 218
203 169
204 170
207 176
210 177
217 189
218 190
219 187
225 193
230 200
235 287
242 217
245 221
246 222
252 228
264 241
265 242
273 348
280 259
299 289
306 297
314 226
335 332
336 331
337 331
340 334
350 342
351 343
353 346
359 247
12 13
131
1 0
3 1
4 3
5 4
8 6
10 7
11 8
13 10
14 11
15 13
16 18
17 20
18 25
19 17
22 21
29 23
30 24
33 27
35 40
37 29
39 32
40 83
41 33
42 34
45 38
46 55
49 28
50 42
51 43
52 63
55 68
56 45
62 47
63 77
64 83
65 48
66 49
67 50
73 53
75 55
76 56
77 57
81 59
82 60
83 61
84 64
87 44
88 67
93 74
94 75
96 76
98 80
102 86
104 90
108 94
109 95
111 98
112 99
113 100
114 101
115 103
117 102
118 138
119 140
120 143
122 106
126 145
129 108
130 71
132 79
138 113
141 116
142 117
147 171
150 127
152 130
153 131
154 132
155 133
156 134
157 136
167 211
169 148
172 218
177 223
192 169
193 170
196 173
200 176
203 177
204 181
205 182
206 183
210 187
211 189
212 190
215 193
216 264
218 196
219 197
223 142
224 200
230 213
232 215
234 301
237 221
238 222
245 305
258 241
260 242
277 266
278 270
279 271
281 274
287 283
292 287
301 294
307 297
314 226
317 314
318 318
319 319
329 324
330 326
331 331
332 334
333 335
335 337
343 346
348 348
354 324
4 14
16
38 49
68 83
81 69
82 70
104 113
128 94
196 114
212 187
221 198
274 241
299 270
363 333
374 360
375 361
376 362
377 363
7 14
21
3 3
24 30
28 38
36 49
64 83
81 69
82 70
91 78
103 113
111 202
150 150
216 198
223 202
255 320
258 241
290 325
335 304
354 333
363 342
368 360
369 361
8 14
29
2 3
11 12
26 30
33 38
46 49
79 83
92 69
93 70
99 78
100 143
101 103
146 179
160 150
192 183
193 184
209 198
220 202
230 207
263 241
267 244
290 202
321 311
328 304
336 320
350 333
357 341
358 342
366 360
367 361
9 14
29
4 3
32 30
38 38
51 49
78 69
79 70
94 83
119 78
132 202
171 113
182 202
216 187
218 188
241 299
246 214
283 244
299 269
300 270
302 325
306 202
307 202
321 210
333 310
334 311
345 320
364 333
377 354
378 355
382 363
10 14
45
2 3
29 38
44 49
46 32
73 69
74 70
76 48
85 80
88 83
117 78
128 150
134 113
167 144
169 145
172 147
173 148
208 187
210 188
218 198
223 202
225 202
235 299
236 214
250 244
266 268
268 270
285 210
294 311
295 310
298 228
301 310
302 311
309 320
322 333
324 334
325 335
330 341
331 342
338 354
339 355
340 304
344 360
345 361
346 362
347 363
11 14
60
2 1
3 2
13 9
19 17
23 20
25 25
31 30
36 34
38 38
40 202
56 49
57 32
59 77
69 41
77 69
78 70
81 48
83 135
88 107
89 80
93 83
100 89
103 121
105 94
119 78
120 144
127 150
128 108
134 112
135 113
139 162
150 219
165 147
166 148
182 202
189 298
194 217
207 187
210 188
225 198
242 214
243 304
246 225
249 310
264 244
265 247
279 202
280 258
284 269
306 210
314 228
317 310
318 311
326 320
338 333
351 250
359 348
363 354
364 355
368 360
12 14
81
0 0
1 1
3 3
5 4
8 7
12 12
13 15
14 16
15 17
19 18
22 25
29 30
33 34
34 35
37 38
41 48
42 49
46 77
62 66
65 69
66 70
75 77
76 80
77 81
81 83
83 85
88 88
93 121
95 208
96 94
108 78
113 107
114 108
115 112
116 111
117 113
119 202
122 162
133 219
151 144
152 147
153 148
155 150
157 114
166 165
172 217
200 187
203 188
206 189
210 254
215 198
224 280
230 207
237 224
238 225
242 311
243 310
245 308
257 241
258 244
260 247
279 269
287 278
296 295
305 296
307 210
314 228
326 323
329 325
331 330
332 334
335 336
342 341
343 342
348 349
350 354
351 355
353 202
354 325
358 360
359 361
13 14
122
0 1
1 3
2 2
3 6
4 4
6 7
7 10
8 11
9 12
10 15
11 16
13 17
16 29
18 20
19 21
20 22
21 25
22 44
23 30
24 31
25 46
27 34
29 38
32 45
33 48
34 49
36 33
38 54
42 58
43 60
44 63
47 66
48 69
49 70
50 47
53 74
55 77
56 80
57 81
58 82
59 83
61 85
67 88
71 91
74 121
76 94
77 125
78 126
84 133
85 134
87 72
94 78
96 104
97 105
100 107
101 108
102 113
103 112
105 157
106 162
110 127
112 135
113 136
118 140
123 142
130 147
131 148
133 150
136 114
137 152
138 153
140 202
141 158
143 279
148 211
172 184
176 187
177 188
183 189
187 254
193 198
194 199
199 279
200 280
206 283
209 118
211 292
214 209
217 214
218 217
221 224
222 225
225 227
226 228
241 244
242 247
247 348
259 258
260 260
261 261
262 196
267 266
268 267
272 270
278 276
283 278
290 295
291 293
293 295
296 300
297 210
305 308
324 325
330 245
331 330
335 335
337 336
346 342
348 349
351 350
353 356
359 359
