15
0 176 95 61 37 27 21 16 0 0 0 0 0 0 0 
0 0 159 96 66 49 25 0 0 0 0 0 0 0 0 
0 0 0 155 109 60 48 36 27 0 20 0 0 0 0 
0 0 0 0 138 94 63 40 34 23 0 0 0 0 0 
0 0 0 0 0 153 95 75 50 30 25 0 22 0 0 
0 0 0 0 0 0 134 102 60 36 28 24 21 21 0 
0 0 0 0 0 0 0 138 88 56 36 0 0 0 0 
0 0 0 0 0 0 0 0 150 107 67 43 32 27 17 
0 0 0 0 0 0 0 0 0 136 103 63 40 25 27 
0 0 0 0 0 0 0 0 0 0 143 96 58 40 25 
0 0 0 0 0 0 0 0 0 0 0 133 92 57 41 
0 0 0 0 0 0 0 0 0 0 0 0 131 83 54 
0 0 0 0 0 0 0 0 0 0 0 0 0 128 76 
0 0 0 0 0 0 0 0 0 0 0 0 0 0 120 
0 0 0 0 0 0 0 0 0 0 0 0 0 0 0 
