15
0 180 98 62 44 34 24 20 16 0 0 0 0 0 0 
0 0 161 99 71 53 29 19 16 0 0 0 0 0 0 
0 0 0 156 109 62 49 40 29 17 21 0 0 0 0 
0 0 0 0 142 95 66 43 35 25 19 0 0 0 0 
0 0 0 0 0 153 95 77 53 33 29 0 23 0 16 
0 0 0 0 0 0 134 102 60 38 30 25 22 22 0 
0 0 0 0 0 0 0 141 91 57 39 19 19 18 0 
0 0 0 0 0 0 0 0 150 108 71 45 34 30 20 
0 0 0 0 0 0 0 0 0 138 105 64 44 25 28 
0 0 0 0 0 0 0 0 0 0 144 100 62 42 26 
0 0 0 0 0 0 0 0 0 0 0 136 94 58 42 
0 0 0 0 0 0 0 0 0 0 0 0 133 83 57 
0 0 0 0 0 0 0 0 0 0 0 0 0 128 78 
0 0 0 0 0 0 0 0 0 0 0 0 0 0 120 
0 0 0 0 0 0 0 0 0 0 0 0 0 0 0 
